Case 1: 3cars 2ways
V = [7, 2, -3.5, 10, 1; 5, 2, -5, 8, 2; 7, 4, -8, 13, 3];
Bdy = [1, 15; -50, 50];
general_case_gif(5, 2, 2, 3, V, Bdy, 0.1, 10, 100)

Case 2: 
V = [3, 8, -4 , 8, 1;
        3, 2, -6 , 8, 2;
        7, 2, -5 , 8, 3;
        5, 8, -9 , 8, 4;
        7, 4, -9.5 , 8, 5];
Bdy = [1, 15; -50, 50];
general_case_gif(5, 2, 2, 5, V, Bdy, 0.5, 20, 70)

Case final:
V = [3, 8, -4 , 8, 1;
        3, 2, -6 , 8, 2;
        7, 2, -5 , 8, 3;
        5, 8, -10.5 , 8, 4;
        7, 4, -13 , 8, 5;
        5, 2, -13, 8, 6;
        1, 6, -7, 8, 7];
Bdy = [1, 15; -50, 50];
general_case_gif(5, 3, 2.5, 7, V, Bdy, 1, 25, 50)

V  = [3, 8, -4 , 8, 1;
        3, 2, -11 , 8, 2;
        7, 2, -6 , 8, 3;
        5, 8, -10 , 8, 4;
        7, 4, -15 , 8, 5;
        5, 2, -16, 8, 6;
        1, 6, -9, 8, 7];

Bdy = [1, 15; -50, 50];
general_case_gif(5, 3, 2, 7, V, Bdy, 1, 25, 60)

V  = [3, 8, -4 , 10, 1;
        3, 2, -12 , 10, 2;
        7, 2, -14 , 10, 3;
        5, 8, -22 , 10, 4;
        7, 4, -30 , 10, 5;
        5, 2, -38, 10, 6;
        1, 6, -14, 10, 7];

Bdy = [0, 30; -100, 100];
general_case_gif(8, 4.5, 6.1, 5.6, 7, V, Bdy, 1, 25, 60)
general_case_gif(8, 4.5, 5.0, 3.8, 7, V, Bdy, 0.5, 10, 10)
general_case_gif(8, 4.5, 5.0, 3.5, 7, V, Bdy, 0.5, 10, 80)

